Date: 19-Mar-2024 01:19:17 Subject: 0 Run: 1 START TIME: 1.506
Heights_06.mov 1 1 2.512 20.952 21.961 37.726 1.000 1.000 0.500 2.935 0.434 5.001 
pain_0.5 0 3 41.735 61.743 62.746 78.508 0.500 0.500 0.500 5.001 5.006 5.001 
Spiders_67.mp4 0 2 85.038 102.956 105.963 121.730 0.500 0.500 0.500 5.001 5.004 5.006 
Heights_43.mp4 0 1 126.734 145.504 146.509 162.281 0.500 0.500 0.500 5.006 5.006 5.006 
Spiders_72.mp4 0 2 165.286 183.412 185.414 201.186 0.500 0.500 0.500 5.003 5.006 5.006 
pain_0.5 0 3 203.192 223.199 226.200 241.961 0.500 1.000 0.649 5.005 2.846 3.817 
pain_0.5 0 3 245.967 265.969 266.971 282.732 0.500 0.352 0.214 0.003 0.723 5.007 
Spiders_29.m4v 1 2 286.740 294.866 295.871 311.636 0.030 0.500 0.222 2.964 5.005 5.006 
Heights_11.m4v 0 1 315.641 333.414 336.417 352.175 0.116 0.000 0.058 0.748 3.042 1.275 
Heights_48.mp4 1 1 356.178 374.007 376.009 391.779 0.500 0.500 0.500 5.004 5.006 5.006 
Spiders_35.mov 0 2 393.784 412.159 413.162 428.920 0.500 0.500 0.500 0.367 0.004 5.004 
pain_1 1 3 432.927 452.931 454.932 470.687 0.977 0.632 1.000 1.057 5.001 2.006 
Date: 19-Mar-2024 01:34:32 Subject: 0 Run: 2 START TIME: 1.505
Spiders_28.m4v 1 2 2.510 20.693 22.700 38.471 0.500 0.500 0.500 5.004 5.006 5.006 
Pain_0.5 0 3 41.477 61.482 62.484 78.251 0.500 0.500 0.500 5.001 5.006 5.005 
Heights_05.mov 1 1 83.262 91.751 92.753 108.508 0.107 0.000 1.000 1.435 2.787 1.765 
Pain_0.5 0 3 110.513 130.516 132.519 148.289 0.500 0.500 0.500 5.005 5.006 5.006 
Spiders_71.mp4 0 2 151.296 169.303 170.306 186.077 0.500 0.500 0.500 5.004 5.005 5.006 
Heights_10.m4v 0 1 190.082 208.691 209.695 225.467 0.500 0.500 0.500 5.005 5.006 5.006 
Spiders_64.mp4 1 2 229.470 247.845 248.850 264.622 0.500 0.500 0.500 5.006 5.006 5.005 
Pain_0.5 0 3 268.626 288.632 291.634 307.395 0.000 0.471 0.727 5.002 2.208 5.004 
Heights_47.mp4 1 1 311.402 329.156 331.160 346.925 0.500 0.500 0.500 5.004 5.001 5.004 
Pain_1 1 3 350.929 370.932 371.935 387.707 0.500 0.500 0.500 5.004 5.005 5.008 
Heights_42.mp4 1 1 395.716 414.413 417.416 433.186 0.500 0.500 0.500 5.004 5.006 5.006 
Spiders_33.m4v 0 2 438.190 456.575 459.578 475.348 0.500 0.500 0.500 5.005 5.006 5.006 
Date: 19-Mar-2024 01:43:33 Subject: 0 Run: 3 START TIME: 1.505
Pain_1 1 3 3.512 23.520 25.525 41.284 1.000 0.500 0.501 5.000 0.157 0.080 
Spiders_62.mp4 1 2 52.298 53.747 54.751 70.509 1.000 0.500 1.000 3.547 0.004 0.864 
Heights_40.mp4 1 1 74.515 77.920 78.923 94.681 0.088 0.519 0.500 3.483 5.004 0.075 
Spiders_70.mp4 1 2 96.684 100.741 101.744 117.498 0.000 0.000 0.282 3.018 1.836 2.196 
Pain_1 1 3 121.503 141.509 142.510 158.266 0.527 0.000 0.292 2.948 3.982 5.002 
Heights_09.mov 0 1 161.276 173.695 176.702 192.464 0.456 0.500 0.000 5.001 5.006 3.332 
Heights_46.mp4 0 1 197.469 208.698 209.701 225.461 0.000 0.565 0.500 5.005 0.449 0.003 
Pain_0.5 0 3 228.465 248.469 249.470 265.230 0.000 0.000 0.215 1.196 2.153 5.006 
Spiders_27.mov 1 2 269.242 287.403 290.405 306.164 0.000 0.190 0.580 1.575 5.004 1.707 
Spiders_32.mov 0 2 310.169 320.382 322.385 338.151 0.500 0.186 0.389 0.003 1.100 1.186 
Heights_04.m4v 1 1 340.156 345.873 347.880 363.635 0.471 0.498 0.500 1.789 0.441 0.003 
Pain_0.5 0 3 366.642 386.644 389.648 405.412 0.499 0.459 0.000 5.004 5.006 4.180 
Date: 19-Mar-2024 02:03:37 Subject: 0 Run: 4 START TIME: 1.505
Pain_1 1 3 2.510 22.520 24.526 40.284 0.540 0.725 0.151 0.213 1.733 3.354 
Heights_45.mp4 0 1 51.911 70.768 72.772 88.530 0.390 0.381 0.236 3.846 0.649 5.002 
Spiders_26.m4v 1 2 91.534 109.456 110.457 126.214 0.447 0.370 0.350 5.001 4.589 0.874 
Pain_0.5 0 3 130.218 150.222 151.224 166.985 0.568 0.721 0.000 2.654 2.414 5.004 
Spiders_69.mp4 0 2 168.993 187.865 190.868 206.623 0.000 0.000 0.154 1.526 3.539 1.574 
Heights_08.m4v 0 1 209.627 211.959 212.961 228.719 0.623 0.238 0.364 0.929 5.001 4.866 
Heights_02.mov 1 1 231.723 241.574 242.579 258.337 0.525 0.406 0.500 5.000 0.900 0.083 
Spiders_31.m4v 1 2 263.340 281.669 283.671 299.443 0.043 0.032 0.109 5.006 5.007 5.005 
Pain_1 1 3 303.447 323.451 326.454 342.208 0.500 0.151 0.500 2.142 4.343 0.154 
Spiders_61.mp4 1 2 347.214 349.804 350.807 366.568 0.330 0.388 0.335 5.006 1.296 0.684 
Heights_39.mp4 0 1 369.571 388.192 391.194 406.956 0.456 0.151 0.400 5.004 3.145 5.005 
Pain_0.5 0 3 410.960 430.964 431.966 447.724 0.663 0.751 1.000 5.005 1.748 0.928 
Date: 19-Mar-2024 02:29:43 Subject: 0 Run: 5 START TIME: 1.505
Spiders_25.mov 0 2 3.511 21.460 22.467 38.232 0.573 0.555 0.570 1.322 5.006 5.001 
Pain_1 1 3 41.241 61.247 64.250 80.013 0.350 0.442 0.393 5.003 5.006 1.116 
Heights_01.m4v 1 1 87.026 105.239 106.242 122.007 0.398 0.044 0.000 5.006 3.616 5.003 
Spiders_68.mp4 0 2 124.011 126.630 128.634 144.389 0.429 0.328 0.500 0.767 1.551 0.003 
Pain_0.5 0 3 147.393 167.395 169.396 185.156 0.497 0.567 0.603 0.167 1.181 5.006 
Heights_44.mp4 1 1 188.162 194.826 195.830 211.595 0.809 0.000 0.000 5.005 4.143 5.004 
Spiders_36.m4v 0 2 215.600 233.950 234.952 250.708 0.248 0.500 1.000 0.996 0.114 5.001 
Pain_1 1 3 253.712 273.715 274.717 290.471 0.516 1.000 0.791 0.248 1.455 1.211 
Heights_12.m4v 0 1 296.481 312.494 315.499 331.256 0.500 0.148 0.159 0.003 5.003 3.081 
Heights_07.m4v 0 1 334.259 352.984 354.987 370.740 0.000 0.142 0.203 3.288 1.988 4.876 
Pain_0.5 0 3 375.743 395.746 396.749 412.510 1.000 1.000 0.500 2.625 5.004 0.067 
Spiders_30.mov 1 2 419.515 425.565 428.567 444.324 0.461 0.000 0.500 1.323 5.003 0.005 
